.Random.seed <-
c(403L, 466L, -1398591340L, 2068487989L, -1588704927L, 1393167406L, 
-155740010L, 684412675L, 1421422474L, 1112109729L, 555098752L, 
-778514390L, -535440789L, 162081491L, -1344663605L, -1093277555L, 
-972023029L, -2101000794L, -354308585L, 1150885628L, -819694091L, 
-388457623L, -1687111284L, -908235059L, -139827397L, 1306619378L, 
713923267L, 309635631L, -185518633L, -333826971L, -1390063556L, 
-1307074825L, -1574897752L, 1088163518L, 374126872L, -975850318L, 
618988722L, 446381151L, 623762154L, -701839417L, -1601792792L, 
-1951187523L, 702218152L, -865000712L, 2140282599L, -42968168L, 
1362638744L, -1036071392L, 1847012982L, -2079093904L, -968523354L, 
1018514400L, 320370678L, 1222778750L, -1448056246L, 1236926069L, 
1001857830L, -455919548L, 703740010L, 2047726702L, -250751360L, 
-724434489L, -947796808L, 489645113L, 846298170L, -1034570529L, 
-1731751528L, -1148439341L, -1630679932L, 202569621L, -1598543106L, 
995020911L, 823929447L, -1349408171L, 147106600L, -996616251L, 
-239442947L, -863711168L, 839243233L, -1320627285L, -1255843945L, 
-1673613006L, 1661041657L, 2073315331L, 858049698L, -31549595L, 
-1976073042L, -1236099650L, -201939126L, -241638689L, -1281426175L, 
-201763876L, -1885023862L, -1241212966L, -526613638L, -519640824L, 
-2003472097L, -1337785195L, -1163873644L, -1235653684L, 627060120L, 
-996954288L, 2094478474L, 198073512L, 485653164L, -307871917L, 
-407559321L, 103428794L, 2118426246L, -96698586L, 29186924L, 
-808402616L, 1430337003L, 1163888611L, -942791905L, 1246533494L, 
-1926884524L, 143676066L, 1724129001L, 1299446153L, -2008937132L, 
884331830L, -1463727814L, -2017435670L, -1364322328L, 706797391L, 
-633812400L, 1184085192L, 671915535L, -580910427L, -540613184L, 
-1660165579L, -1142785881L, -1516763848L, -152623699L, 1309771240L, 
1577615957L, -1565517166L, -1911864724L, 2091930862L, -1617189981L, 
2073854095L, 756746294L, 500506554L, -726147702L, -1686550043L, 
1117334323L, -486664710L, 417205701L, 1742568459L, -995028885L, 
1854804094L, 672238214L, 2004234905L, 841602191L, 1883192439L, 
-278729219L, -1939590337L, -1827481391L, 1446898104L, -1293960179L, 
-233191887L, -1757320256L, -1668514996L, 1408118246L, 2011579127L, 
-1815576683L, 326863884L, -1352690869L, -1030701024L, 1649444574L, 
94041968L, -573532357L, -757829622L, -1302135019L, 1543636885L, 
500706577L, -1731948539L, -19430408L, -1550220954L, -1731620564L, 
573240540L, -857830299L, 1438763872L, -1872754929L, 339471381L, 
-301981268L, -1504351599L, -1521136421L, 1900617887L, -1978442288L, 
-1708190808L, 1685617391L, -220723559L, -1257306252L, 900434260L, 
-1503853965L, 786835101L, -1069950054L, -82432768L, 1975624222L, 
-1364554043L, 678518570L, 1694331842L, 1971630792L, 883244100L, 
-341798575L, -1478124418L, -610932068L, 472827144L, 231276501L, 
1113090236L, 981966959L, 80302147L, 1546876742L, 1588802731L, 
827683029L, 1724186253L, -808074621L, -1303041033L, 1165126155L, 
1795739592L, -1326539882L, -813873100L, -976817375L, -395262254L, 
-317472694L, -433605184L, -1151623025L, -1675479479L, -625260770L, 
1951509490L, 293371696L, -1046012761L, -1139572005L, 541565539L, 
-743943067L, 1434392656L, 529513597L, -1080065045L, 2061744120L, 
978999449L, -1226341716L, -591510434L, -1539285201L, -1772061353L, 
742848737L, -1569141541L, -1731474541L, 447260836L, -1403894747L, 
216127020L, 432435734L, -390572988L, -1463868156L, -1929139070L, 
1234373283L, -791913965L, 1590313252L, -1592808333L, 612457544L, 
615499242L, 816460439L, 312458045L, -1776452571L, 775529484L, 
-885881942L, 1643146159L, -1185538758L, -288319547L, 16267012L, 
1616462660L, 2021863746L, 555195716L, 230362011L, -101857735L, 
880450221L, 28529340L, 1804440392L, -1656513786L, -1295011626L, 
936760316L, -1549567149L, -438359437L, -1872089934L, -1989992441L, 
1167560171L, 465562065L, 870296018L, 675131542L, -1146046029L, 
1090911404L, -482413533L, 322115687L, 1827056459L, 1215516490L, 
-1595755646L, 1270238606L, -421445321L, 571678556L, -113006965L, 
-1605812399L, 1489867875L, -1637096975L, 1253175677L, 1608327055L, 
-407352832L, -116726702L, 630612682L, -1285004241L, 1172794899L, 
1458163290L, 1299966092L, -1442966990L, -1649166880L, 1092633686L, 
1712382771L, -165220126L, 427376302L, -903615448L, -471170396L, 
608961594L, 255723123L, -1853333355L, 1360737050L, 745816873L, 
252777933L, 1719416138L, -2144406753L, -441530790L, 2136232967L, 
-1720318151L, 24783312L, -634017209L, -2043810498L, 1346602988L, 
-3130572L, -1266715914L, 515461381L, -1827038328L, 1967695339L, 
-840877733L, 355598438L, 1092781152L, 2024920657L, 1420191360L, 
-1053539251L, 1344107537L, -1297597087L, -1773823138L, 1876836894L, 
-1688250836L, 1364698441L, -281608364L, 774629512L, -1304812376L, 
1028367262L, -2068042434L, -1166884730L, -1644291932L, -178708869L, 
-1468876176L, 1172495317L, -1512092097L, 1002781912L, -1548397857L, 
596104003L, 1753722619L, 1047244651L, -829248074L, -1657856014L, 
1529292794L, -1584698026L, 1924171886L, 1923695451L, -1781356885L, 
1499917010L, 2120513309L, -1773504949L, 767768610L, 799642785L, 
-178614673L, 1943584978L, 1742272938L, 1231629944L, -1712687388L, 
1887655442L, 1192781903L, -1299188129L, -2104224747L, -1817607689L, 
-2019820725L, -473950576L, -1197298873L, -226692540L, -1871505623L, 
-1595289319L, -1882208722L, 1344439584L, 397326438L, 207284871L, 
-648946103L, 962260739L, 700866273L, 668494626L, 1809796401L, 
1183221596L, -1735547582L, -1407980185L, 1634594647L, 1474953295L, 
-682817225L, 1473363511L, 1497792422L, -76908099L, 775179917L, 
-1816696195L, 1294548291L, 1186125859L, 1067946018L, -474953774L, 
524427060L, -610941823L, 2094740056L, -1130083575L, 1024774391L, 
1788484057L, 1009056630L, -1366745958L, -2060190140L, -1549205987L, 
1321034433L, -2103835456L, -1944267676L, -75580002L, -1765192990L, 
-1687900315L, -1522420758L, 2108325473L, 1947871920L, -532912185L, 
2070870539L, 1319435324L, -1459931048L, -1193998286L, -48247207L, 
1002423328L, 697880576L, 1302799421L, 1915069383L, 380340471L, 
600559705L, -800125415L, -727546676L, 883217185L, -936547845L, 
-899648991L, 1044833701L, -1598091536L, -482305413L, 1654853379L, 
1897859337L, 1821002219L, -321574214L, 1096606409L, 417931264L, 
-1912972847L, 1703840811L, 1917017459L, 123123074L, 1758309910L, 
1658418535L, 577103760L, 1210610802L, 1140417476L, -2083926571L, 
-224895515L, 1017391607L, 1628540947L, 1986505612L, -565860063L, 
-2124405445L, -1375269432L, 1066254831L, -1607896007L, -2008689646L, 
-566769438L, -481080053L, -1632006274L, -226888174L, -842549576L, 
-428826911L, 1981878658L, 1430758906L, -179152162L, -398045265L, 
-1079249247L, 1555303775L, 1225558716L, 2054797725L, -439818021L, 
43576310L, -1489296925L, -1834764248L, -728562093L, -1071136529L, 
1166931984L, 1081720488L, -1535645657L, -558984364L, 2035385465L, 
-1970863792L, 953930696L, 972212398L, 1553535391L, -517017186L, 
6201339L, 1230169937L, 306815047L, -1802670535L, 1233835329L, 
1695929182L, 625525842L, 160195487L, -1711735674L, -708916999L, 
-1207998719L, -1429049649L, -1067858837L, -1540817877L, 319289082L, 
341164782L, 1224273252L, -1109685447L, -2118345242L, -1021073888L, 
963666884L, -945878136L, 715447461L, 711223737L, 1419209564L, 
-612527867L, -1034082076L, 1205237180L, -341391063L, -259077013L, 
1258804100L, -653778395L, 1618236780L, 1848206424L, 1627560023L, 
-1237154754L, -1978904670L, 328836876L, 1969161579L, -2098902708L, 
-1941154465L, 113301817L, -581119230L, 162232538L, -422150196L, 
765304060L, -1067501579L, -424930715L, 846492259L, -1737022854L, 
-1112655715L, -1687180502L, 77257180L, 124529639L, 139784909L, 
-1655260187L, 1188209187L, -1109044233L, 469371537L, -481494886L, 
1067094319L, 667490679L, 570430210L, -608632027L, 1173834603L, 
-1998902348L, -1646059242L, -496125556L, 1736138680L, 1097330471L, 
1526565085L, -1383544716L, 1740576520L, 1714586204L, -1496391998L, 
-1146275738L, 1197735690L, 1974065130L, -561028907L, -245539475L, 
-2042306889L, 894246318L, -328844935L, 559063064L, -741707376L, 
